N_total = 2809
r = 0.8
N_train = 2247
N_verify = 562

[history-turning, H=5]
q5-RMSE= 0.06830559899885726
q6-RMSE= 0.05766602186866543

[history-turning, H=10]
q5-RMSE= 0.09972108852767039
q6-RMSE= 0.07190482204654003



[set-point]
q5-RMSE = 0.04677699335326881
q6-RMSE = 0.04818178416700147



[history, H=5]
q5-RMSE= 0.07367904799052202
q6-RMSE= 0.07070961921609656



[w-history, H=5]
q5_RMSE= 0.07806263329338665
q6_RMSE= 0.07287140143769909

[w-history, H=10]
q5_RMSE= 0.07857596670684426
q6_RMSE= 0.07471971956578777




